0 0 0 0 0 0 0 0 0 2 0 0 0 0 4 0 0 
0 0 0 0 0 0 0 0 2 0 0 0 4 2 0 0 0 
0 0 0 0 0 0 0 0 2 0 0 0 4 2 0 0 0 
0 0 0 0 0 0 0 2 0 0 0 2 0 0 4 2 0 
0 0 0 0 2 0 0 2 2 0 0 0 4 2 0 0 0 
2 0 0 0 0 0 0 0 4 0 0 0 4 2 0 2 4 
2 0 0 0 0 0 0 0 4 0 0 0 4 4 0 0 8 
0 0 0 0 2 0 0 0 2 0 0 0 8 4 0 0 16 
0 0 0 0 0 0 0 2 0 2 0 2 0 0 8 4 16 
0 0 0 0 2 0 2 0 4 0 0 0 8 4 0 0 20 
0 0 0 0 2 0 0 0 4 0 0 4 8 4 2 0 20 
0 0 2 0 0 0 0 2 0 0 0 8 0 8 4 2 28 
2 0 0 0 2 0 2 0 8 0 0 0 8 4 2 0 28 
0 0 0 0 0 0 0 0 4 0 0 0 16 4 4 2 52 
0 0 0 0 0 0 0 0 4 0 0 0 16 4 4 2 52 
